Index	"SMU-1 Time (s)"	SMU-1 Voltage (V)	SMU-1 Current (A)	Resistance (Ohm)
1	 	-1.000000E+0	-5.643019E-4	5.643019E-4
2	 	-9.900000E-1	-5.393442E-4	5.447921E-4
3	 	-9.800000E-1	-5.205002E-4	5.311227E-4
4	 	-9.700000E-1	-5.052824E-4	5.209097E-4
5	 	-9.600000E-1	-4.915846E-4	5.120673E-4
6	 	-9.500000E-1	-4.791382E-4	5.043560E-4
7	 	-9.400000E-1	-4.676621E-4	4.975129E-4
8	 	-9.300000E-1	-4.567589E-4	4.911386E-4
9	 	-9.200000E-1	-4.464537E-4	4.852758E-4
10	 	-9.100000E-1	-4.349728E-4	4.779921E-4
11	 	-9.000000E-1	-4.246093E-4	4.717881E-4
12	 	-8.900000E-1	-4.152457E-4	4.665682E-4
13	 	-8.800000E-1	-4.054138E-4	4.606975E-4
14	 	-8.700000E-1	-3.964811E-4	4.557254E-4
15	 	-8.600000E-1	-3.879247E-4	4.510752E-4
16	 	-8.500000E-1	-3.795904E-4	4.465769E-4
17	 	-8.400000E-1	-3.711647E-4	4.418627E-4
18	 	-8.300000E-1	-3.628519E-4	4.371710E-4
19	 	-8.200000E-1	-3.546511E-4	4.325013E-4
20	 	-8.100000E-1	-3.465635E-4	4.278562E-4
21	 	-8.000000E-1	-3.384719E-4	4.230899E-4
22	 	-7.900000E-1	-3.305016E-4	4.183565E-4
23	 	-7.800000E-1	-3.227198E-4	4.137433E-4
24	 	-7.700000E-1	-3.150424E-4	4.091460E-4
25	 	-7.600000E-1	-3.071599E-4	4.041578E-4
26	 	-7.500000E-1	-2.992735E-4	3.990313E-4
27	 	-7.400000E-1	-2.919090E-4	3.944716E-4
28	 	-7.300000E-1	-2.843036E-4	3.894570E-4
29	 	-7.200000E-1	-2.764797E-4	3.839996E-4
30	 	-7.100000E-1	-2.690072E-4	3.788834E-4
31	 	-7.000000E-1	-2.613963E-4	3.734233E-4
32	 	-6.900000E-1	-2.539077E-4	3.679822E-4
33	 	-6.800000E-1	-2.463009E-4	3.622072E-4
34	 	-6.700000E-1	-2.386655E-4	3.562172E-4
35	 	-6.600000E-1	-2.311429E-4	3.502165E-4
36	 	-6.500000E-1	-2.236539E-4	3.440829E-4
37	 	-6.400000E-1	-2.161356E-4	3.377119E-4
38	 	-6.300000E-1	-2.087551E-4	3.313573E-4
39	 	-6.200000E-1	-2.013998E-4	3.248384E-4
40	 	-6.100000E-1	-1.940030E-4	3.180377E-4
41	 	-6.000000E-1	-1.868650E-4	3.114417E-4
42	 	-5.900000E-1	-1.796019E-4	3.044100E-4
43	 	-5.800000E-1	-1.725522E-4	2.975038E-4
44	 	-5.700000E-1	-1.654143E-4	2.902005E-4
45	 	-5.600000E-1	-1.585737E-4	2.831673E-4
46	 	-5.500000E-1	-1.517123E-4	2.758405E-4
47	 	-5.400000E-1	-1.448841E-4	2.683039E-4
48	 	-5.300000E-1	-1.381105E-4	2.605858E-4
49	 	-5.200000E-1	-1.316712E-4	2.532138E-4
50	 	-5.100000E-1	-1.252365E-4	2.455618E-4
51	 	-5.000000E-1	-1.186679E-4	2.373358E-4
52	 	-4.900000E-1	-1.123335E-4	2.292520E-4
53	 	-4.800000E-1	-1.059866E-4	2.208054E-4
54	 	-4.700000E-1	-9.974014E-5	2.122131E-4
55	 	-4.600000E-1	-9.370266E-5	2.037014E-4
56	 	-4.500000E-1	-8.766118E-5	1.948026E-4
57	 	-4.400000E-1	-8.139386E-5	1.849860E-4
58	 	-4.300000E-1	-7.508873E-5	1.746250E-4
59	 	-4.200000E-1	-6.887556E-5	1.639894E-4
60	 	-4.100000E-1	-6.200156E-5	1.512233E-4
61	 	-4.000000E-1	-5.533245E-5	1.383311E-4
62	 	-3.900000E-1	-4.845835E-5	1.242522E-4
63	 	-3.800000E-1	-4.167629E-5	1.096744E-4
64	 	-3.700000E-1	-3.501135E-5	9.462527E-5
65	 	-3.600000E-1	-2.799085E-5	7.775236E-5
66	 	-3.500000E-1	-2.072762E-5	5.922177E-5
67	 	-3.400000E-1	-1.335147E-5	3.926903E-5
68	 	-3.300000E-1	-5.929267E-6	1.796748E-5
69	 	-3.200000E-1	1.455077E-6	-4.547116E-6
70	 	-3.100000E-1	8.579722E-6	-2.767652E-5
71	 	-3.000000E-1	1.520653E-5	-5.068843E-5
72	 	-2.900000E-1	2.136474E-5	-7.367152E-5
73	 	-2.800000E-1	2.712552E-5	-9.687686E-5
74	 	-2.700000E-1	3.264788E-5	-1.209181E-4
75	 	-2.600000E-1	3.787735E-5	-1.456821E-4
76	 	-2.500000E-1	4.296043E-5	-1.718417E-4
77	 	-2.400000E-1	4.772129E-5	-1.988387E-4
78	 	-2.300000E-1	5.256588E-5	-2.285473E-4
79	 	-2.200000E-1	5.725577E-5	-2.602535E-4
80	 	-2.100000E-1	6.134725E-5	-2.921298E-4
81	 	-2.000000E-1	6.521279E-5	-3.260640E-4
82	 	-1.900000E-1	6.838809E-5	-3.599373E-4
83	 	-1.800000E-1	7.117446E-5	-3.954137E-4
84	 	-1.700000E-1	7.347540E-5	-4.322082E-4
85	 	-1.600000E-1	7.516146E-5	-4.697591E-4
86	 	-1.500000E-1	7.665074E-5	-5.110049E-4
87	 	-1.400000E-1	7.808985E-5	-5.577846E-4
88	 	-1.300000E-1	7.981778E-5	-6.139829E-4
89	 	-1.200000E-1	8.135728E-5	-6.779773E-4
90	 	-1.100000E-1	8.292601E-5	-7.538728E-4
91	 	-1.000000E-1	8.490914E-5	-8.490914E-4
92	 	-9.000000E-2	8.672061E-5	-9.635623E-4
93	 	-8.000000E-2	8.886668E-5	-1.110834E-3
94	 	-7.000000E-2	9.065305E-5	-1.295044E-3
95	 	-6.000000E-2	9.273663E-5	-1.545611E-3
96	 	-5.000000E-2	9.435965E-5	-1.887193E-3
97	 	-4.000000E-2	9.638470E-5	-2.409618E-3
98	 	-3.000000E-2	9.763552E-5	-3.254517E-3
99	 	-2.000000E-2	9.889469E-5	-4.944735E-3
100	 	-1.000000E-2	1.003089E-4	-1.003089E-2
101	 	7.528700E-16	1.013839E-4	1.346632E+11
102	 	1.000000E-2	1.025889E-4	1.025889E-2
103	 	2.000000E-2	1.037099E-4	5.185495E-3
104	 	3.000000E-2	1.047475E-4	3.491583E-3
105	 	4.000000E-2	1.058941E-4	2.647352E-3
106	 	5.000000E-2	1.070277E-4	2.140554E-3
107	 	6.000000E-2	1.082369E-4	1.803948E-3
108	 	7.000000E-2	1.093705E-4	1.562436E-3
109	 	8.000000E-2	1.105250E-4	1.381562E-3
110	 	9.000000E-2	1.117929E-4	1.242143E-3
111	 	1.000000E-1	1.130771E-4	1.130771E-3
112	 	1.100000E-1	1.144202E-4	1.040184E-3
113	 	1.200000E-1	1.159179E-4	9.659825E-4
114	 	1.300000E-1	1.173277E-4	9.025208E-4
115	 	1.400000E-1	1.188295E-4	8.487821E-4
116	 	1.500000E-1	1.204611E-4	8.030740E-4
117	 	1.600000E-1	1.221888E-4	7.636800E-4
118	 	1.700000E-1	1.238080E-4	7.282824E-4
119	 	1.800000E-1	1.254061E-4	6.967006E-4
120	 	1.900000E-1	1.270881E-4	6.688847E-4
121	 	2.000000E-1	1.284391E-4	6.421955E-4
122	 	2.100000E-1	1.300833E-4	6.194443E-4
123	 	2.200000E-1	1.316771E-4	5.985323E-4
124	 	2.300000E-1	1.336728E-4	5.811861E-4
125	 	2.400000E-1	1.355136E-4	5.646400E-4
126	 	2.500000E-1	1.374466E-4	5.497864E-4
127	 	2.600000E-1	1.393958E-4	5.361377E-4
128	 	2.700000E-1	1.417765E-4	5.250981E-4
129	 	2.800000E-1	1.442198E-4	5.150707E-4
130	 	2.900000E-1	1.464119E-4	5.048686E-4
131	 	3.000000E-1	1.488676E-4	4.962253E-4
132	 	3.100000E-1	1.515746E-4	4.889503E-4
133	 	3.200000E-1	1.542186E-4	4.819331E-4
134	 	3.300000E-1	1.570841E-4	4.760124E-4
135	 	3.400000E-1	1.599667E-4	4.704903E-4
136	 	3.500000E-1	1.629662E-4	4.656177E-4
137	 	3.600000E-1	1.660414E-4	4.612261E-4
138	 	3.700000E-1	1.691746E-4	4.572286E-4
139	 	3.800000E-1	1.727979E-4	4.547313E-4
140	 	3.900000E-1	1.760022E-4	4.512877E-4
141	 	4.000000E-1	1.797385E-4	4.493462E-4
142	 	4.100000E-1	1.832398E-4	4.469263E-4
143	 	4.200000E-1	1.871139E-4	4.455093E-4
144	 	4.300000E-1	1.912553E-4	4.447798E-4
145	 	4.400000E-1	1.954602E-4	4.442277E-4
146	 	4.500000E-1	1.997107E-4	4.438016E-4
147	 	4.600000E-1	2.040075E-4	4.434946E-4
148	 	4.700000E-1	2.083203E-4	4.432347E-4
149	 	4.800000E-1	2.127005E-4	4.431260E-4
150	 	4.900000E-1	2.173484E-4	4.435682E-4
151	 	5.000000E-1	2.218501E-4	4.437002E-4
152	 	5.100000E-1	2.261844E-4	4.434988E-4
153	 	5.200000E-1	2.308198E-4	4.438842E-4
154	 	5.300000E-1	2.354556E-4	4.442558E-4
155	 	5.400000E-1	2.400903E-4	4.446117E-4
156	 	5.500000E-1	2.446003E-4	4.447278E-4
157	 	5.600000E-1	2.489972E-4	4.446379E-4
158	 	5.700000E-1	2.536999E-4	4.450875E-4
159	 	5.800000E-1	2.585945E-4	4.458526E-4
160	 	5.900000E-1	2.632630E-4	4.462085E-4
161	 	6.000000E-1	2.681663E-4	4.469438E-4
162	 	6.100000E-1	2.726015E-4	4.468877E-4
163	 	6.200000E-1	2.776007E-4	4.477431E-4
164	 	6.300000E-1	2.826412E-4	4.486368E-4
165	 	6.400000E-1	2.873650E-4	4.490078E-4
166	 	6.500000E-1	2.923603E-4	4.497851E-4
167	 	6.600000E-1	2.964935E-4	4.492326E-4
168	 	6.700000E-1	3.013135E-4	4.497216E-4
169	 	6.800000E-1	3.060407E-4	4.500599E-4
170	 	6.900000E-1	3.106050E-4	4.501522E-4
171	 	7.000000E-1	3.152065E-4	4.502950E-4
172	 	7.100000E-1	3.200636E-4	4.507938E-4
173	 	7.200000E-1	3.241471E-4	4.502043E-4
174	 	7.300000E-1	3.287867E-4	4.503927E-4
175	 	7.400000E-1	3.340539E-4	4.514242E-4
176	 	7.500000E-1	3.388482E-4	4.517976E-4
177	 	7.600000E-1	3.442655E-4	4.529809E-4
178	 	7.700000E-1	3.501017E-4	4.546775E-4
179	 	7.800000E-1	3.567497E-4	4.573714E-4
180	 	7.900000E-1	3.645894E-4	4.615056E-4
181	 	8.000000E-1	3.713378E-4	4.641722E-4
182	 	8.100000E-1	3.792864E-4	4.682548E-4
183	 	8.200000E-1	3.875234E-4	4.725895E-4
184	 	8.300000E-1	3.960166E-4	4.771284E-4
185	 	8.400000E-1	4.047433E-4	4.818373E-4
186	 	8.500000E-1	4.147093E-4	4.878933E-4
187	 	8.600000E-1	4.245905E-4	4.937099E-4
188	 	8.700000E-1	4.350491E-4	5.000564E-4
189	 	8.800000E-1	4.465035E-4	5.073903E-4
190	 	8.900000E-1	4.590002E-4	5.157306E-4
191	 	9.000000E-1	4.735754E-4	5.261949E-4
192	 	9.100000E-1	4.901343E-4	5.386091E-4
193	 	9.200000E-1	5.091529E-4	5.534271E-4
194	 	9.300000E-1	5.281346E-4	5.678867E-4
195	 	9.400000E-1	5.501313E-4	5.852461E-4
196	 	9.500000E-1	5.727898E-4	6.029366E-4
197	 	9.600000E-1	5.962623E-4	6.211066E-4
198	 	9.700000E-1	6.194786E-4	6.386377E-4
199	 	9.800000E-1	6.420912E-4	6.551951E-4
200	 	9.900000E-1	6.640084E-4	6.707156E-4
201	 	9.800000E-1	6.502482E-4	6.635186E-4
202	 	9.700000E-1	6.346389E-4	6.542669E-4
203	 	9.600000E-1	6.178842E-4	6.436294E-4
204	 	9.500000E-1	6.007641E-4	6.323833E-4
205	 	9.400000E-1	5.836545E-4	6.209090E-4
206	 	9.300000E-1	5.665929E-4	6.092397E-4
207	 	9.200000E-1	5.508630E-4	5.987641E-4
208	 	9.100000E-1	5.350778E-4	5.879976E-4
209	 	9.000000E-1	5.187202E-4	5.763558E-4
210	 	8.900000E-1	5.019361E-4	5.639731E-4
211	 	8.800000E-1	4.867206E-4	5.530916E-4
212	 	8.700000E-1	4.714222E-4	5.418646E-4
213	 	8.600000E-1	4.570632E-4	5.314688E-4
214	 	8.500000E-1	4.422496E-4	5.202936E-4
215	 	8.400000E-1	4.285354E-4	5.101612E-4
216	 	8.300000E-1	4.156122E-4	5.007376E-4
217	 	8.200000E-1	4.024590E-4	4.908037E-4
218	 	8.100000E-1	3.900423E-4	4.815337E-4
219	 	8.000000E-1	3.776046E-4	4.720057E-4
220	 	7.900000E-1	3.663136E-4	4.636881E-4
221	 	7.800000E-1	3.552103E-4	4.553978E-4
222	 	7.700000E-1	3.445046E-4	4.474086E-4
223	 	7.600000E-1	3.339572E-4	4.394174E-4
224	 	7.500000E-1	3.236909E-4	4.315879E-4
225	 	7.400000E-1	3.137711E-4	4.240150E-4
226	 	7.300000E-1	3.047601E-4	4.174796E-4
227	 	7.200000E-1	2.960705E-4	4.112090E-4
228	 	7.100000E-1	2.877078E-4	4.052223E-4
229	 	7.000000E-1	2.805830E-4	4.008329E-4
230	 	6.900000E-1	2.725341E-4	3.949770E-4
231	 	6.800000E-1	2.662414E-4	3.915315E-4
232	 	6.700000E-1	2.602047E-4	3.883652E-4
233	 	6.600000E-1	2.534236E-4	3.839752E-4
234	 	6.500000E-1	2.471733E-4	3.802666E-4
235	 	6.400000E-1	2.407265E-4	3.761352E-4
236	 	6.300000E-1	2.349781E-4	3.729811E-4
237	 	6.200000E-1	2.287988E-4	3.690303E-4
238	 	6.100000E-1	2.230634E-4	3.656777E-4
239	 	6.000000E-1	2.176327E-4	3.627212E-4
240	 	5.900000E-1	2.123072E-4	3.598427E-4
241	 	5.800000E-1	2.071155E-4	3.570957E-4
242	 	5.700000E-1	2.019232E-4	3.542512E-4
243	 	5.600000E-1	1.969786E-4	3.517475E-4
244	 	5.500000E-1	1.916696E-4	3.484902E-4
245	 	5.400000E-1	1.865028E-4	3.453756E-4
246	 	5.300000E-1	1.813532E-4	3.421758E-4
247	 	5.200000E-1	1.761151E-4	3.386829E-4
248	 	5.100000E-1	1.710949E-4	3.354802E-4
249	 	5.000000E-1	1.657022E-4	3.314044E-4
250	 	4.900000E-1	1.601965E-4	3.269316E-4
251	 	4.800000E-1	1.548291E-4	3.225606E-4
252	 	4.700000E-1	1.492147E-4	3.174781E-4
253	 	4.600000E-1	1.434960E-4	3.119478E-4
254	 	4.500000E-1	1.394629E-4	3.099176E-4
255	 	4.400000E-1	1.342042E-4	3.050095E-4
256	 	4.300000E-1	1.281712E-4	2.980726E-4
257	 	4.200000E-1	1.225068E-4	2.916829E-4
258	 	4.100000E-1	1.158842E-4	2.826444E-4
259	 	4.000000E-1	1.098683E-4	2.746707E-4
260	 	3.900000E-1	1.020492E-4	2.616646E-4
261	 	3.800000E-1	9.327610E-5	2.454634E-4
262	 	3.700000E-1	8.487568E-5	2.293937E-4
263	 	3.600000E-1	7.633277E-5	2.120355E-4
264	 	3.500000E-1	6.878972E-5	1.965421E-4
265	 	3.400000E-1	6.204584E-5	1.824878E-4
266	 	3.300000E-1	5.579554E-5	1.690774E-4
267	 	3.200000E-1	4.993008E-5	1.560315E-4
268	 	3.100000E-1	4.457519E-5	1.437909E-4
269	 	3.000000E-1	3.901103E-5	1.300368E-4
270	 	2.900000E-1	3.394052E-5	1.170363E-4
271	 	2.800000E-1	2.899133E-5	1.035405E-4
272	 	2.700000E-1	2.456097E-5	9.096656E-5
273	 	2.600000E-1	2.033134E-5	7.819746E-5
274	 	2.500000E-1	1.658286E-5	6.633144E-5
275	 	2.400000E-1	1.372548E-5	5.718950E-5
276	 	2.300000E-1	1.139108E-5	4.952643E-5
277	 	2.200000E-1	9.207249E-6	4.185113E-5
278	 	2.100000E-1	7.554706E-6	3.597479E-5
279	 	2.000000E-1	6.015176E-6	3.007588E-5
280	 	1.900000E-1	4.404492E-6	2.318154E-5
281	 	1.800000E-1	2.831464E-6	1.573036E-5
282	 	1.700000E-1	1.463442E-6	8.608482E-6
283	 	1.600000E-1	-4.902872E-7	-3.064295E-6
284	 	1.500000E-1	-2.410628E-6	-1.607085E-5
285	 	1.400000E-1	-4.657361E-6	-3.326686E-5
286	 	1.300000E-1	-7.092366E-6	-5.455666E-5
287	 	1.200000E-1	-9.284730E-6	-7.737275E-5
288	 	1.100000E-1	-1.162351E-5	-1.056683E-4
289	 	1.000000E-1	-1.407942E-5	-1.407942E-4
290	 	9.000000E-2	-1.625506E-5	-1.806118E-4
291	 	8.000000E-2	-1.893272E-5	-2.366590E-4
292	 	7.000000E-2	-2.138865E-5	-3.055521E-4
293	 	6.000000E-2	-2.405797E-5	-4.009662E-4
294	 	5.000000E-2	-2.662263E-5	-5.324526E-4
295	 	4.000000E-2	-2.918317E-5	-7.295792E-4
296	 	3.000000E-2	-3.164330E-5	-1.054777E-3
297	 	2.000000E-2	-3.434190E-5	-1.717095E-3
298	 	1.000000E-2	-3.695682E-5	-3.695682E-3
299	 	6.904199E-16	-3.957590E-5	-5.732149E+10
300	 	-1.000000E-2	-4.225768E-5	4.225768E-3
301	 	-2.000000E-2	-4.468850E-5	2.234425E-3
302	 	-3.000000E-2	-4.713621E-5	1.571207E-3
303	 	-4.000000E-2	-4.984301E-5	1.246075E-3
304	 	-5.000000E-2	-5.229908E-5	1.045982E-3
305	 	-6.000000E-2	-5.474668E-5	9.124447E-4
306	 	-7.000000E-2	-5.734483E-5	8.192119E-4
307	 	-8.000000E-2	-6.011444E-5	7.514305E-4
308	 	-9.000000E-2	-6.258721E-5	6.954134E-4
309	 	-1.000000E-1	-6.518949E-5	6.518949E-4
310	 	-1.100000E-1	-6.738597E-5	6.125997E-4
311	 	-1.200000E-1	-6.956157E-5	5.796798E-4
312	 	-1.300000E-1	-7.183342E-5	5.525648E-4
313	 	-1.400000E-1	-7.397989E-5	5.284278E-4
314	 	-1.500000E-1	-7.597965E-5	5.065310E-4
315	 	-1.600000E-1	-7.827672E-5	4.892295E-4
316	 	-1.700000E-1	-8.043546E-5	4.731498E-4
317	 	-1.800000E-1	-8.255248E-5	4.586249E-4
318	 	-1.900000E-1	-8.425122E-5	4.434275E-4
319	 	-2.000000E-1	-8.637241E-5	4.318621E-4
320	 	-2.100000E-1	-8.852290E-5	4.215376E-4
321	 	-2.200000E-1	-9.057293E-5	4.116951E-4
322	 	-2.300000E-1	-9.288678E-5	4.038556E-4
323	 	-2.400000E-1	-9.509562E-5	3.962318E-4
324	 	-2.500000E-1	-9.734234E-5	3.893694E-4
325	 	-2.600000E-1	-9.963089E-5	3.831957E-4
326	 	-2.700000E-1	-1.018778E-4	3.773252E-4
327	 	-2.800000E-1	-1.043965E-4	3.728446E-4
328	 	-2.900000E-1	-1.070782E-4	3.692352E-4
329	 	-3.000000E-1	-1.096305E-4	3.654350E-4
330	 	-3.100000E-1	-1.124002E-4	3.625813E-4
331	 	-3.200000E-1	-1.149021E-4	3.590691E-4
332	 	-3.300000E-1	-1.176133E-4	3.564039E-4
333	 	-3.400000E-1	-1.201319E-4	3.533291E-4
334	 	-3.500000E-1	-1.226673E-4	3.504780E-4
335	 	-3.600000E-1	-1.250647E-4	3.474019E-4
336	 	-3.700000E-1	-1.273365E-4	3.441527E-4
337	 	-3.800000E-1	-1.295668E-4	3.409653E-4
338	 	-3.900000E-1	-1.319138E-4	3.382405E-4
339	 	-4.000000E-1	-1.339891E-4	3.349728E-4
340	 	-4.100000E-1	-1.360766E-4	3.318941E-4
341	 	-4.200000E-1	-1.383529E-4	3.294117E-4
342	 	-4.300000E-1	-1.409592E-4	3.278121E-4
343	 	-4.400000E-1	-1.436243E-4	3.264189E-4
344	 	-4.500000E-1	-1.464274E-4	3.253942E-4
345	 	-4.600000E-1	-1.495403E-4	3.250876E-4
346	 	-4.700000E-1	-1.529337E-4	3.253909E-4
347	 	-4.800000E-1	-1.566279E-4	3.263081E-4
348	 	-4.900000E-1	-1.606234E-4	3.278029E-4
349	 	-5.000000E-1	-1.648365E-4	3.296730E-4
350	 	-5.100000E-1	-1.696269E-4	3.326018E-4
351	 	-5.200000E-1	-1.742041E-4	3.350079E-4
352	 	-5.300000E-1	-1.790787E-4	3.378843E-4
353	 	-5.400000E-1	-1.841783E-4	3.410709E-4
354	 	-5.500000E-1	-1.894461E-4	3.444475E-4
355	 	-5.600000E-1	-1.949143E-4	3.480613E-4
356	 	-5.700000E-1	-2.002489E-4	3.513139E-4
357	 	-5.800000E-1	-2.060265E-4	3.552181E-4
358	 	-5.900000E-1	-2.116412E-4	3.587139E-4
359	 	-6.000000E-1	-2.174149E-4	3.623582E-4
360	 	-6.100000E-1	-2.232556E-4	3.659928E-4
361	 	-6.200000E-1	-2.291760E-4	3.696387E-4
362	 	-6.300000E-1	-2.353055E-4	3.735008E-4
363	 	-6.400000E-1	-2.413093E-4	3.770458E-4
364	 	-6.500000E-1	-2.477275E-4	3.811192E-4
365	 	-6.600000E-1	-2.541533E-4	3.850808E-4
366	 	-6.700000E-1	-2.605502E-4	3.888809E-4
367	 	-6.800000E-1	-2.669771E-4	3.926134E-4
368	 	-6.900000E-1	-2.736419E-4	3.965825E-4
369	 	-7.000000E-1	-2.800724E-4	4.001034E-4
370	 	-7.100000E-1	-2.870134E-4	4.042442E-4
371	 	-7.200000E-1	-2.938122E-4	4.080725E-4
372	 	-7.300000E-1	-3.010380E-4	4.123808E-4
373	 	-7.400000E-1	-3.082975E-4	4.166182E-4
374	 	-7.500000E-1	-3.164596E-4	4.219461E-4
375	 	-7.600000E-1	-3.245261E-4	4.270080E-4
376	 	-7.700000E-1	-3.336221E-4	4.332755E-4
377	 	-7.800000E-1	-3.437966E-4	4.407649E-4
378	 	-7.900000E-1	-3.550309E-4	4.494062E-4
379	 	-8.000000E-1	-3.679000E-4	4.598750E-4
380	 	-8.100000E-1	-3.815476E-4	4.710464E-4
381	 	-8.200000E-1	-3.963331E-4	4.833330E-4
382	 	-8.300000E-1	-4.116135E-4	4.959199E-4
383	 	-8.400000E-1	-4.279887E-4	5.095104E-4
384	 	-8.500000E-1	-4.444855E-4	5.229241E-4
385	 	-8.600000E-1	-4.607106E-4	5.357100E-4
386	 	-8.700000E-1	-4.769188E-4	5.481825E-4
387	 	-8.800000E-1	-4.923189E-4	5.594533E-4
388	 	-8.900000E-1	-5.068962E-4	5.695463E-4
389	 	-9.000000E-1	-5.210004E-4	5.788893E-4
390	 	-9.100000E-1	-5.342874E-4	5.871290E-4
391	 	-9.200000E-1	-5.468903E-4	5.944460E-4
392	 	-9.300000E-1	-5.588051E-4	6.008657E-4
393	 	-9.400000E-1	-5.696285E-4	6.059878E-4
394	 	-9.500000E-1	-5.790389E-4	6.095146E-4
395	 	-9.600000E-1	-5.878913E-4	6.123868E-4
396	 	-9.700000E-1	-5.943718E-4	6.127544E-4
397	 	-9.800000E-1	-5.992961E-4	6.115266E-4
398	 	-9.900000E-1	-6.013219E-4	6.073959E-4
399	 	-1.000000E+0	-6.004513E-4	6.004513E-4
400	 	-9.900000E-1	-5.675076E-4	5.732400E-4
401	 	-9.800000E-1	-5.379951E-4	5.489746E-4
